Start,102,14,
186,210,182,198,53,64,4,4,48,71,75,109,29,29,91,138,4,4,1,1,0,0,
End,102,
Start,101,13,
184,270,88,109,140,170,17,24,38,48,149,234,296,548,133,146,184,270,88,109,140,170,17,24,38,48,149,234,296,548,133,146,0,0,0,0,2,2,
End,101,
Start,105,14,
252,370,119,191,50,75,43,45,67,128,2,2,24,37,34,41,3,3,0,0,26,42,
End,105,
Start,104,14,
44,57,95,133,81,117,41,54,11,11,178,257,30,52,75,133,5,9,7,17,7,7,5,9,7,17,7,7,
End,104,
Start,107,14,
89,125,159,251,193,257,62,84,212,299,230,332,244,376,118,169,195,289,114,144,132,173,
End,107,
Start,106,14,
118,171,121,167,38,40,38,48,72,94,69,99,45,57,65,81,38,60,3,3,9,9,348,478,
End,106,
Start,103,14,
68,104,291,370,4,4,252,367,205,274,62,71,29,39,3,3,0,0,4,6,192,218,
End,103,