Start,102,14,
154,167,54,76,400,579,55,86,24,24,56,72,79,81,228,236,2,2,57,57,235,247,2,2,
End,102,
Start,103,38,
1,1,79,124,215,257,92,150,190,299,101,147,124,162,72,126,14,16,13,13,50,55,252,327,68,140,416,595,137,183,92,112,261,378,113,156,79,87,2,2,96,118,15,32,6,6,137,195,
End,103,
Start,106,38,
1,1,126,182,147,197,53,63,72,102,58,81,46,50,94,116,119,139,5,5,19,30,220,288,84,121,340,430,65,71,33,33,59,106,112,118,128,161,53,75,27,41,47,51,0,0,134,185,
End,106,
Start,104,15,
42,84,155,163,57,87,50,66,32,54,203,288,129,220,0,0,4,6,158,271,3,3,128,178,
End,104,
