Start,102,14,
47,51,97,119,56,72,28,28,26,32,15,15,34,36,36,74,0,0,11,11,4,4,43,47,1,1,1,1,51,67,22,22,0,0,53,67,15,31,104,153,93,99,69,69,3,3,98,102,
End,102,
Start,104,16,
121,158,5,5,45,72,22,26,87,101,125,162,17,29,0,0,49,58,65,96,46,53,11,20,58,98,65,78,55,68,123,172,11,13,104,126,68,79,76,97,5,5,22,24,183,211,
End,104,
Start,101,17,
332,451,77,113,113,179,186,243,66,89,7,16,2,2,2,2,1,1,2,2,28,52,97,178,2,2,73,130,56,100,59,85,117,201,145,200,53,74,12,18,8,8,
End,101,
Start,105,16,
108,182,60,83,61,85,86,117,71,97,68,74,14,14,2,2,3,3,44,66,89,105,3,3,84,124,80,141,2,2,118,176,103,150,66,117,135,165,198,345,47,53,56,67,216,280,
End,105,