Start,102,16,
21,26,3,3,0,0,101,105,85,93,55,55,3,3,7,11,23,31,7,7,0,0,
End,102,
Start,105,16,
18,20,11,11,0,0,216,326,379,593,200,298,17,19,0,0,82,139,3,5,9,11,52,60,
End,105,
Start,107,16,
4,6,1,1,0,0,16,30,5,5,7,7,0,0,1,1,7,22,4,4,1,1,13,31,
End,107,
Start,106,16,
10,10,7,7,0,0,54,56,81,87,142,213,1,1,4,6,18,18,30,30,2,2,87,95,54,72,
End,106,
Start,104,16,
6,6,14,16,0,0,54,72,253,323,156,219,133,156,15,17,58,75,13,23,0,0,52,68,2,2,
End,104,
Start,101,16,
45,66,0,0,5,5,369,493,416,563,207,257,1,1,11,11,1,1,23,43,2,2,117,153,118,143,3,3,
End,101,